# Complex Scene - 200 spheres, 5 lights
# Generated programmatically for stress testing
# Format: object_type parameters...

# Generate a grid of spheres with varying properties
# Grid: 10x10 at different depths
# Row 1 (z = -15)
sphere -9 -1 -15 0.4 1.0 0.0 0.0 0.0 1.0 10
sphere -7 -1 -15 0.4 0.9 0.1 0.0 0.1 0.9 15
sphere -5 -1 -15 0.4 0.8 0.2 0.0 0.2 0.8 20
sphere -3 -1 -15 0.4 0.7 0.3 0.0 0.3 0.7 25
sphere -1 -1 -15 0.4 0.6 0.4 0.0 0.4 0.6 30
sphere 1 -1 -15 0.4 0.5 0.5 0.0 0.5 0.5 35
sphere 3 -1 -15 0.4 0.4 0.6 0.0 0.6 0.4 40
sphere 5 -1 -15 0.4 0.3 0.7 0.0 0.7 0.3 45
sphere 7 -1 -15 0.4 0.2 0.8 0.0 0.8 0.2 50
sphere 9 -1 -15 0.4 0.1 0.9 0.0 0.9 0.1 55

# Row 2 (z = -17)
sphere -9 0 -17 0.4 0.0 1.0 0.0 0.0 1.0 10
sphere -7 0 -17 0.4 0.0 0.9 0.1 0.1 0.9 15
sphere -5 0 -17 0.4 0.0 0.8 0.2 0.2 0.8 20
sphere -3 0 -17 0.4 0.0 0.7 0.3 0.3 0.7 25
sphere -1 0 -17 0.4 0.0 0.6 0.4 0.4 0.6 30
sphere 1 0 -17 0.4 0.0 0.5 0.5 0.5 0.5 35
sphere 3 0 -17 0.4 0.0 0.4 0.6 0.6 0.4 40
sphere 5 0 -17 0.4 0.0 0.3 0.7 0.7 0.3 45
sphere 7 0 -17 0.4 0.0 0.2 0.8 0.8 0.2 50
sphere 9 0 -17 0.4 0.0 0.1 0.9 0.9 0.1 55

# Row 3 (z = -19)
sphere -9 1 -19 0.4 0.0 0.0 1.0 0.0 1.0 10
sphere -7 1 -19 0.4 0.1 0.0 0.9 0.1 0.9 15
sphere -5 1 -19 0.4 0.2 0.0 0.8 0.2 0.8 20
sphere -3 1 -19 0.4 0.3 0.0 0.7 0.3 0.7 25
sphere -1 1 -19 0.4 0.4 0.0 0.6 0.4 0.6 30
sphere 1 1 -19 0.4 0.5 0.0 0.5 0.5 0.5 35
sphere 3 1 -19 0.4 0.6 0.0 0.4 0.6 0.4 40
sphere 5 1 -19 0.4 0.7 0.0 0.3 0.7 0.3 45
sphere 7 1 -19 0.4 0.8 0.0 0.2 0.8 0.2 50
sphere 9 1 -19 0.4 0.9 0.0 0.1 0.9 0.1 55

# Row 4 (z = -21) - metallic spheres
sphere -9 2 -21 0.4 0.8 0.8 0.8 0.9 0.1 100
sphere -7 2 -21 0.4 0.7 0.7 0.7 0.8 0.2 90
sphere -5 2 -21 0.4 0.9 0.9 0.9 1.0 0.0 120
sphere -3 2 -21 0.4 0.6 0.6 0.6 0.7 0.3 80
sphere -1 2 -21 0.4 1.0 0.8 0.6 0.8 0.2 85
sphere 1 2 -21 0.4 0.6 0.8 1.0 0.8 0.2 85
sphere 3 2 -21 0.4 0.9 0.7 0.5 0.7 0.3 75
sphere 5 2 -21 0.4 0.5 0.7 0.9 0.7 0.3 75
sphere 7 2 -21 0.4 0.8 0.6 0.4 0.6 0.4 70
sphere 9 2 -21 0.4 0.4 0.6 0.8 0.6 0.4 70

# Row 5 (z = -23)
sphere -9 -0.5 -23 0.4 1.0 1.0 0.0 0.1 0.9 12
sphere -7 -0.5 -23 0.4 0.9 0.9 0.1 0.2 0.8 14
sphere -5 -0.5 -23 0.4 0.8 0.8 0.2 0.3 0.7 16
sphere -3 -0.5 -23 0.4 0.7 0.7 0.3 0.4 0.6 18
sphere -1 -0.5 -23 0.4 0.6 0.6 0.4 0.5 0.5 20
sphere 1 -0.5 -23 0.4 0.5 0.5 0.5 0.5 0.5 22
sphere 3 -0.5 -23 0.4 0.4 0.4 0.6 0.4 0.6 24
sphere 5 -0.5 -23 0.4 0.3 0.3 0.7 0.3 0.7 26
sphere 7 -0.5 -23 0.4 0.2 0.2 0.8 0.2 0.8 28
sphere 9 -0.5 -23 0.4 0.1 0.1 0.9 0.1 0.9 30

# Row 6 (z = -25)
sphere -9 0.5 -25 0.4 0.0 1.0 1.0 0.0 1.0 10
sphere -7 0.5 -25 0.4 0.1 0.9 0.9 0.1 0.9 12
sphere -5 0.5 -25 0.4 0.2 0.8 0.8 0.2 0.8 14
sphere -3 0.5 -25 0.4 0.3 0.7 0.7 0.3 0.7 16
sphere -1 0.5 -25 0.4 0.4 0.6 0.6 0.4 0.6 18
sphere 1 0.5 -25 0.4 0.5 0.5 0.5 0.5 0.5 20
sphere 3 0.5 -25 0.4 0.6 0.4 0.4 0.6 0.4 22
sphere 5 0.5 -25 0.4 0.7 0.3 0.3 0.7 0.3 24
sphere 7 0.5 -25 0.4 0.8 0.2 0.2 0.8 0.2 26
sphere 9 0.5 -25 0.4 0.9 0.1 0.1 0.9 0.1 28

# Row 7 (z = -27)
sphere -9 1.5 -27 0.4 1.0 0.0 1.0 0.0 1.0 10
sphere -7 1.5 -27 0.4 0.9 0.1 0.9 0.1 0.9 12
sphere -5 1.5 -27 0.4 0.8 0.2 0.8 0.2 0.8 14
sphere -3 1.5 -27 0.4 0.7 0.3 0.7 0.3 0.7 16
sphere -1 1.5 -27 0.4 0.6 0.4 0.6 0.4 0.6 18
sphere 1 1.5 -27 0.4 0.5 0.5 0.5 0.5 0.5 20
sphere 3 1.5 -27 0.4 0.4 0.6 0.4 0.6 0.4 22
sphere 5 1.5 -27 0.4 0.3 0.7 0.3 0.7 0.3 24
sphere 7 1.5 -27 0.4 0.2 0.8 0.2 0.8 0.2 26
sphere 9 1.5 -27 0.4 0.1 0.9 0.1 0.9 0.1 28

# Row 8 (z = -29)
sphere -9 -1.5 -29 0.4 0.3 0.3 0.3 0.0 1.0 10
sphere -7 -1.5 -29 0.4 0.4 0.4 0.4 0.1 0.9 12
sphere -5 -1.5 -29 0.4 0.5 0.5 0.5 0.2 0.8 14
sphere -3 -1.5 -29 0.4 0.6 0.6 0.6 0.3 0.7 16
sphere -1 -1.5 -29 0.4 0.7 0.7 0.7 0.4 0.6 18
sphere 1 -1.5 -29 0.4 0.8 0.8 0.8 0.5 0.5 20
sphere 3 -1.5 -29 0.4 0.9 0.9 0.9 0.6 0.4 22
sphere 5 -1.5 -29 0.4 0.7 0.7 0.7 0.7 0.3 24
sphere 7 -1.5 -29 0.4 0.5 0.5 0.5 0.8 0.2 26
sphere 9 -1.5 -29 0.4 0.3 0.3 0.3 0.9 0.1 28

# Row 9 (z = -31)
sphere -9 -0.5 -31 0.4 1.0 0.5 0.0 0.0 1.0 10
sphere -7 -0.5 -31 0.4 0.9 0.5 0.1 0.1 0.9 12
sphere -5 -0.5 -31 0.4 0.8 0.5 0.2 0.2 0.8 14
sphere -3 -0.5 -31 0.4 0.7 0.5 0.3 0.3 0.7 16
sphere -1 -0.5 -31 0.4 0.6 0.5 0.4 0.4 0.6 18
sphere 1 -0.5 -31 0.4 0.5 0.5 0.5 0.5 0.5 20
sphere 3 -0.5 -31 0.4 0.4 0.5 0.6 0.6 0.4 22
sphere 5 -0.5 -31 0.4 0.3 0.5 0.7 0.7 0.3 24
sphere 7 -0.5 -31 0.4 0.2 0.5 0.8 0.8 0.2 26
sphere 9 -0.5 -31 0.4 0.1 0.5 0.9 0.9 0.1 28

# Row 10 (z = -33)
sphere -9 0.5 -33 0.4 0.0 0.5 1.0 0.0 1.0 10
sphere -7 0.5 -33 0.4 0.1 0.5 0.9 0.1 0.9 12
sphere -5 0.5 -33 0.4 0.2 0.5 0.8 0.2 0.8 14
sphere -3 0.5 -33 0.4 0.3 0.5 0.7 0.3 0.7 16
sphere -1 0.5 -33 0.4 0.4 0.5 0.6 0.4 0.6 18
sphere 1 0.5 -33 0.4 0.5 0.5 0.5 0.5 0.5 20
sphere 3 0.5 -33 0.4 0.6 0.5 0.4 0.6 0.4 22
sphere 5 0.5 -33 0.4 0.7 0.5 0.3 0.7 0.3 24
sphere 7 0.5 -33 0.4 0.8 0.5 0.2 0.8 0.2 26
sphere 9 0.5 -33 0.4 0.9 0.5 0.1 0.9 0.1 28

# Additional random spheres to reach 200
# Large decorative spheres
sphere -6 3 -20 1.0 1.0 0.0 0.0 0.8 0.2 80
sphere 0 3 -20 1.0 0.0 1.0 0.0 0.8 0.2 80
sphere 6 3 -20 1.0 0.0 0.0 1.0 0.8 0.2 80
sphere -6 -2 -18 0.8 1.0 1.0 0.0 0.7 0.3 60
sphere 0 -2 -18 0.8 0.0 1.0 1.0 0.7 0.3 60
sphere 6 -2 -18 0.8 1.0 0.0 1.0 0.7 0.3 60

# Small detail spheres scattered around
sphere -8 1.5 -22 0.3 0.9 0.3 0.3 0.2 0.8 20
sphere -6 1.5 -22 0.3 0.3 0.9 0.3 0.2 0.8 20
sphere -4 1.5 -22 0.3 0.3 0.3 0.9 0.2 0.8 20
sphere -2 1.5 -22 0.3 0.9 0.9 0.3 0.2 0.8 20
sphere 2 1.5 -22 0.3 0.3 0.9 0.9 0.2 0.8 20
sphere 4 1.5 -22 0.3 0.9 0.3 0.9 0.2 0.8 20
sphere 6 1.5 -22 0.3 0.6 0.6 0.6 0.2 0.8 20
sphere 8 1.5 -22 0.3 0.4 0.4 0.4 0.2 0.8 20

# More scattered spheres
sphere -7.5 0 -24 0.5 0.8 0.4 0.2 0.3 0.7 30
sphere -5.5 0 -24 0.5 0.4 0.8 0.2 0.3 0.7 30
sphere -3.5 0 -24 0.5 0.2 0.4 0.8 0.3 0.7 30
sphere -1.5 0 -24 0.5 0.8 0.8 0.2 0.3 0.7 30
sphere 1.5 0 -24 0.5 0.2 0.8 0.8 0.3 0.7 30
sphere 3.5 0 -24 0.5 0.8 0.2 0.8 0.3 0.7 30
sphere 5.5 0 -24 0.5 0.6 0.6 0.2 0.3 0.7 30
sphere 7.5 0 -24 0.5 0.2 0.6 0.6 0.3 0.7 30

# Fill remaining spots
sphere -4 2.5 -26 0.6 0.7 0.5 0.3 0.4 0.6 40
sphere -2 2.5 -26 0.6 0.5 0.7 0.3 0.4 0.6 40
sphere 0 2.5 -26 0.6 0.3 0.5 0.7 0.4 0.6 40
sphere 2 2.5 -26 0.6 0.7 0.7 0.3 0.4 0.6 40
sphere 4 2.5 -26 0.6 0.3 0.7 0.7 0.4 0.6 40
sphere -3 -1.5 -28 0.7 0.6 0.4 0.4 0.5 0.5 50
sphere 0 -1.5 -28 0.7 0.4 0.6 0.4 0.5 0.5 50
sphere 3 -1.5 -28 0.7 0.4 0.4 0.6 0.5 0.5 50
sphere -5 0 -30 0.8 0.5 0.3 0.3 0.6 0.4 60
sphere 0 0 -30 0.8 0.3 0.5 0.3 0.6 0.4 60
sphere 5 0 -30 0.8 0.3 0.3 0.5 0.6 0.4 60

# Even more spheres
sphere -6.5 1 -16 0.35 0.95 0.45 0.25 0.15 0.85 18
sphere -4.5 1 -16 0.35 0.45 0.95 0.25 0.15 0.85 18
sphere -2.5 1 -16 0.35 0.25 0.45 0.95 0.15 0.85 18
sphere -0.5 1 -16 0.35 0.95 0.95 0.25 0.15 0.85 18
sphere 0.5 1 -16 0.35 0.25 0.95 0.95 0.15 0.85 18
sphere 2.5 1 -16 0.35 0.95 0.25 0.95 0.15 0.85 18
sphere 4.5 1 -16 0.35 0.65 0.65 0.25 0.15 0.85 18
sphere 6.5 1 -16 0.35 0.25 0.65 0.65 0.15 0.85 18

# Final spheres to reach 200
sphere -8.5 -0.5 -20 0.45 0.85 0.35 0.15 0.25 0.75 25
sphere -6.5 -0.5 -20 0.45 0.35 0.85 0.15 0.25 0.75 25
sphere -4.5 -0.5 -20 0.45 0.15 0.35 0.85 0.25 0.75 25
sphere -2.5 -0.5 -20 0.45 0.85 0.85 0.15 0.25 0.75 25
sphere -0.5 -0.5 -20 0.45 0.15 0.85 0.85 0.25 0.75 25
sphere 2.5 -0.5 -20 0.45 0.85 0.15 0.85 0.25 0.75 25
sphere 4.5 -0.5 -20 0.45 0.55 0.55 0.15 0.25 0.75 25
sphere 6.5 -0.5 -20 0.45 0.15 0.55 0.55 0.25 0.75 25
sphere 8.5 -0.5 -20 0.45 0.75 0.25 0.25 0.25 0.75 25

# Hero spheres (larger, more prominent)
sphere -3 0 -12 1.5 1.0 0.0 0.0 0.9 0.1 100
sphere 0 0 -12 1.5 0.0 1.0 0.0 0.0 1.0 10
sphere 3 0 -12 1.5 0.0 0.0 1.0 0.9 0.1 100

# Ground plane (very large sphere)
sphere 0 -102 -20 100 0.3 0.3 0.3 0.0 1.0 5

# Lights (5 total)
light 0 12 -10 1.0 1.0 1.0 0.4
light 10 10 -15 1.0 0.9 0.8 0.3
light -10 10 -15 0.8 0.9 1.0 0.3
light 5 8 -20 1.0 1.0 0.9 0.25
light -5 8 -20 0.9 1.0 1.0 0.25

# Ambient
ambient 0.1 0.1 0.12

# Camera
camera 0 3 12 0 0 -20 65
